50 mm
----------
73
72
75
74
76
72
73
72
74
74
73
73
73
72
71
73
75
74
75
73
74
73
72
74
77
72
73
74
73
72
73
77
74
73
73
71
74
74
75
74
73
73
71
74
73
73
74
69
73
73
73
72
72
73
70
74
72
72
71
72
74
74
71
72
75
72
74
70
72
73
75
72
75
73
72
69
74
74
74
73
72
72
74
72
71
73
71
73
72
73
75
74
73
73
72
72
70
74
72
70

100 mm
----------
122
126
129
125
127
123
126
124
123
122
128
127
125
125
125
123
124
124
127
124
121
126
124
124
128
126
124
122
124
122
126
127
126
122
126
123
124
124
124
127
124
123
122
123
125
125
125
121
126
127
125
125
125
122
123
125
124
124
126
124
125
124
128
124
127
123
126
127
125
125
124
126
127
124
124
126
123
126
125
123
126
127
127
123
125
125
124
126
128
125
123
126
125
127
123
125
123
124
125
124

150 mm
----------
177
177
176
177
176
175
175
178
179
176
176
175
175
175
175
176
173
176
175
176
175
176
179
176
176
175
175
174
176
176
180
179
175
175
172
177
177
175
177
173
176
176
175
175
175
172
175
178
176
177
176
173
173
175
179
177
175
177
173
176
177
176
174
178
176
173
173
175
176
177
175
177
176
175
175
172
177
176
174
175
175
177
177
176
175
176
178
174
175
174
174
174
175
179
176
176
175
174
174
176

200 mm
----------
229
225
229
231
230
223
228
229
232
229
229
225
228
227
225
230
229
226
229
227
227
231
227
228
226
225
229
225
228
229
230
231
229
229
230
231
231
229
230
230
229
227
228
225
228
228
229
225
232
228
229
226
230
229
226
227
226
226
227
226
228
231
229
224
226
227
228
230
226
229
225
229
230
230
228
230
228
230
228
227
228
227
233
226
229
226
226
228
230
226
230
226
231
226
226
229
229
230
226
225

250 mm
----------
277
280
281
280
279
281
282
281
280
282
278
279
278
280
277
280
280
281
279
278
279
283
273
281
278
284
281
282
276
276
281
276
283
280
280
281
279
284
277
277
277
282
278
274
279
281
279
276
278
278
282
276
277
275
281
281
281
276
280
277
278
283
282
279
281
277
278
280
280
282
281
283
281
282
281
280
278
279
279
281
279
283
280
281
278
278
281
280
278
277
283
280
281
277
279
280
281
282
279
281

300 mm
----------
333
330
326
332
333
331
330
336
336
330
331
332
335
333
330
332
329
332
329
326
331
329
332
329
334
334
330
332
333
337
329
333
335
332
330
334
333
329
331
332
333
331
334
330
333
329
332
327
331
326
332
330
330
333
333
330
331
329
328
332
331
325
331
332
331
332
325
326
337
329
334
328
334
330
329
331
332
328
328
331
332
333
330
330
329
334
331
335
329
330
328
330
333
333
333
331
331
328
332
334

350 mm
----------
384
373
383
382
383
376
384
385
382
381
383
379
383
380
377
379
384
381
381
381
379
380
381
384
376
378
380
383
386
381
384
382
380
379
380
381
381
380
381
379
388
378
384
383
384
380
381
380
383
382
383
384
380
382
379
385
377
380
381
382
377
379
378
386
380
384
381
378
382
380
383
378
380
379
380
378
380
380
383
385
380
375
380
383
383
385
378
377
377
378
382
384
380
384
381
380
381
386
384
382

400 mm
----------
431
432
428
431
437
427
433
429
426
434
431
427
434
429
432
431
431
433
434
431
425
429
430
431
434
431
427
430
434
428
426
437
424
434
431
431
427
428
429
427
430
430
431
424
431
433
431
429
429
426
433
431
427
429
429
426
432
430
429
428
429
427
425
428
430
434
426
430
431
426
435
427
434
427
429
430
432
426
434
427
431
435
428
426
430
431
429
429
430
436
424
432
428
433
430
431
428
434
427
433

450 mm
----------
475
479
484
477
477
480
481
483
482
479
477
483
482
483
480
479
480
477
477
477
478
484
480
475
478
480
479
478
471
476
483
481
478
489
485
480
481
482
481
481
475
485
479
483
487
480
477
478
483
480
484
485
480
478
475
483
482
480
481
470
482
478
484
479
478
478
478
485
484
477
488
479
482
475
484
484
480
479
471
479
477
482
479
483
481
482
479
485
485
479
474
473
481
484
484
479
481
480
476
480

500 mm
----------
528
524
526
528
533
531
524
526
528
526
530
529
532
527
531
526
534
526
530
525
524
534
530
529
532
533
533
538
530
535
525
525
530
528
532
525
524
533
529
520
529
536
531
535
530
526
528
532
530
527
529
521
529
525
538
528
527
524
526
526
530
529
530
532
525
531
534
526
533
525
521
528
534
527
527
525
523
526
524
523
528
528
522
530
530
531
529
528
527
530
527
523
531
526
529
528
531
523
528
525
