1
0.1
61
0.442152 0.4394323 0.4421524 0.4421527 0.4394316 0.6406419 0.6406419 0.6379206 0.6406412 0.6406407 0.637921 0.6406423 
0.5136771 0.5109575 0.5136776 0.5136778 0.5109568 0.5136766 0.5136766 0.5109553 0.5136759 0.5136755 0.5109558 0.5136771 
0.6793391 0.6766194 0.6793395 0.6793398 0.6766187 0.6793386 0.6793386 0.6766173 0.6793379 0.6793374 0.6766177 0.435955 
0.4643101 0.4615904 0.4643106 0.4643108 0.4615897 0.4643096 0.4643096 0.4615883 0.4643089 0.4643084 0.4615888 0.4391284 
0.3825478 0.3798282 0.3825483 0.3825485 0.4952497 0.4979696 0.4979696 0.4952483 0.4979689 0.4979684 0.4952488 0.4979701 
0.3398865 0.3371668 0.339887 0.4857352 0.4830141 0.485734 0.485734 0.4830127 0.4857333 0.4857328 0.4830132 0.4857345 
0.4747702 0.4720506 0.4747707 0.474771 0.4720499 0.4747698 0.4747698 0.4720485 0.4747691 0.4747686 0.4720489 0.4747702 
0.3258179 0.3230983 0.3258184 0.3258187 0.3230976 0.3258175 0.3258175 0.3230962 0.3258168 0.3258163 0.5657343 0.5684556 
0.5494261 0.5467065 0.5494266 0.5494269 0.5467058 0.5494257 0.5494257 0.5467044 0.3706281 0.3706276 0.3679079 0.3706293 
0.6092677 0.606548 0.6092681 0.6092684 0.6065473 0.6092672 0.6092672 0.6065459 0.6092665 0.609266 0.6065463 0.6092677 
0.4951039 0.4923843 0.4951044 0.4951046 0.4923836 0.4951034 0.4951034 0.4923821 0.4951027 0.4951023 0.3178237 0.320545 
0.4506598 0.4479402 0.4506603 0.4506606 0.4479395 0.4506594 0.4506594 0.5099351 0.5126557 0.5126552 0.5099356 0.5126569 
0.651283 0.6485634 0.6512835 0.4148515 0.4121305 0.4148504 0.4148504 0.412129 0.4148496 0.4148492 0.4121295 0.4148508 
0.4925418 0.4898222 0.4925423 0.4925426 0.4898215 0.4925414 0.4925414 0.4898201 0.4925407 0.4925402 0.4898205 0.4925418 
0.4228865 0.4201669 0.422887 0.4228872 0.4201661 0.422886 0.422886 0.4201647 0.4228853 0.4228848 0.3908455 0.3935668 
0.4411238 0.4384041 0.4421855 0.4421857 0.4394646 0.4421845 0.4421845 0.4394632 0.4421838 0.4421833 0.4394637 0.442185 
0.5881702 0.5854506 0.5881707 0.5881709 0.5854499 0.4662058 0.4662058 0.4634845 0.4662051 0.4662046 0.463485 0.4662063 
0.4985383 0.4958187 0.4985388 0.498539 0.6729285 0.6756483 0.6756483 0.672927 0.6756476 0.6756471 0.6729275 0.6756488 
0.4675377 0.4648181 0.4675382 0.4675384 0.4648173 0.4675372 0.4675372 0.4648159 0.4675365 0.467536 0.4648164 0.4414022 
0.4861782 0.4834585 0.4861787 0.4861789 0.4834578 0.4861777 0.4861777 0.4834564 0.6839371 0.6839366 0.681217 0.6839383 
0.5452688 0.5425491 0.5452693 0.5452695 0.5425484 0.5452683 0.5452683 0.542547 0.5452676 0.5452671 0.5425475 0.5452688 
0.4701278 0.4674082 0.4701283 0.4701285 0.4674075 0.3191883 0.3191883 0.316467 0.3191876 0.3191871 0.3164675 0.3191888 
0.5537103 0.5509907 0.5537108 0.5524184 0.5496973 0.5524172 0.5524172 0.5496958 0.5524164 0.552416 0.5496963 0.5524176 
0.3917675 0.3890479 0.391768 0.3917682 0.3890471 0.391767 0.391767 0.3890457 0.4768272 0.4768267 0.4741071 0.4768284 
0.4572699 0.4545503 0.6689266 0.6689268 0.6662058 0.6689256 0.6689256 0.6662043 0.6689249 0.6689245 0.6662048 0.6689261 
0.5519177 0.549198 0.5519181 0.5519184 0.5491973 0.5519172 0.5519172 0.5491959 0.5519165 0.551916 0.5491964 0.4452771 
0.5365869 0.5338672 0.5365874 0.5365876 0.5338665 0.5365864 0.5365864 0.5338651 0.5365857 0.5365852 0.5338656 0.5365869 
0.5571588 0.5544391 0.5571592 0.5571595 0.5544384 0.5571583 0.5571583 0.554437 0.4182776 0.4182771 0.4155574 0.4182788 
0.3844431 0.3817234 0.3844436 0.3844438 0.3817227 0.3844426 0.3844426 0.3817213 0.3844419 0.3844414 0.5089617 0.511683 
0.5121199 0.5094003 0.5121204 0.5121207 0.5093996 0.5121195 0.5121195 0.5093982 0.5121188 0.6696352 0.6669156 0.6696369 
0.4436706 0.440951 0.4436711 0.4436713 0.4409503 0.4436702 0.4436702 0.4409488 0.4436694 0.443669 0.4409493 0.4436706 
0.4771323 0.4744127 0.4771328 0.477133 0.474412 0.4771318 0.4771318 0.4744105 0.4771311 0.4771307 0.474411 0.4771323 
0.5542394 0.5515198 0.5542399 0.3944171 0.391696 0.3944159 0.3944159 0.3916946 0.3944152 0.3944147 0.3916951 0.3944164 
0.3584614 0.3557417 0.3584618 0.3584621 0.355741 0.3584609 0.3584609 0.4810751 0.4837957 0.4837952 0.4810756 0.4837969 
0.5835066 0.5807869 0.5835071 0.5835073 0.5807862 0.5835061 0.5835061 0.5807848 0.5835054 0.5835049 0.5807853 0.5835066 
0.4736651 0.6592101 0.6619303 0.6619305 0.6592094 0.6619293 0.6619293 0.659208 0.6619286 0.6619281 0.6592085 0.6619298 
0.3872602 0.3845406 0.3872607 0.3872609 0.3845398 0.3872597 0.3872597 0.3845384 0.387259 0.3872585 0.3845389 0.4709002 
0.5357467 0.5330271 0.5357472 0.5357474 0.5330263 0.5357462 0.5357462 0.5330249 0.5357455 0.535745 0.5330254 0.5357467 
0.5901787 0.5874591 0.5901792 0.4351882 0.4324671 0.435187 0.435187 0.4324657 0.4351863 0.4351858 0.4324662 0.4351875 
0.4370692 0.4343495 0.4370697 0.4370699 0.4343488 0.4370687 0.4370687 0.4343474 0.437068 0.4370675 0.4343479 0.4370692 
0.35526 0.3525403 0.3552604 0.3552607 0.3525396 0.3552595 0.3552595 0.3525382 0.3552588 0.3552583 0.5105338 0.5132551 
0.5613937 0.5586741 0.5613942 0.5613945 0.5586734 0.5613933 0.5613933 0.558672 0.5613925 0.2925779 0.2898583 0.2925796 
0.5627147 0.5599951 0.5627152 0.5627154 0.5599943 0.5627142 0.5627142 0.5599929 0.5627135 0.562713 0.5599934 0.5627147 
0.5137641 0.5110445 0.5137646 0.5137649 0.5110438 0.3677835 0.3677835 0.3650622 0.3677828 0.3677824 0.3650627 0.367784 
0.5720587 0.569339 0.5720592 0.5720594 0.5693383 0.5720582 0.5720582 0.5693369 0.3393444 0.3393439 0.3366243 0.3393456 
0.2893814 0.2866617 0.2893818 0.2893821 0.286661 0.2893809 0.2893809 0.2866596 0.2893802 0.2893797 0.5511806 0.5539019 
0.3814017 0.378682 0.3814022 0.3814024 0.3786813 0.540045 0.540045 0.5373237 0.5400443 0.5400438 0.5373242 0.5400455 
0.6881239 0.3991649 0.4018851 0.4018853 0.3991642 0.4018841 0.4018841 0.3991628 0.4018834 0.4018829 0.3991633 0.4018846 
0.513216 0.5104964 0.5132165 0.5132167 0.5104957 0.5132155 0.5132155 0.5700069 0.5727275 0.572727 0.5700074 0.5727287 
0.6175205 0.6148008 0.6175209 0.6175212 0.49117 0.4938899 0.4938899 0.4911686 0.4938892 0.4938887 0.4911691 0.4938904 
0.6937373 0.6910177 0.6937378 0.693738 0.691017 0.6937369 0.6937369 0.6910155 0.6937361 0.6937357 0.4235017 0.426223 
0.6144375 0.6117179 0.614438 0.6144382 0.6117172 0.614437 0.614437 0.6117157 0.6144363 0.6144359 0.6117162 0.5894951 
0.6003522 0.5976326 0.6003527 0.6003529 0.5976319 0.6003518 0.6003518 0.5976304 0.600351 0.6003506 0.5976309 0.4985015 
0.4897378 0.4870182 0.6913512 0.6913514 0.6886303 0.6913502 0.6913502 0.6886289 0.6913495 0.691349 0.6886294 0.6913507 
0.3730714 0.3703517 0.3730718 0.3730721 0.370351 0.3730709 0.3730709 0.3703496 0.3730702 0.3730697 0.4785084 0.4812297 
0.4772195 0.4744999 0.47722 0.4772202 0.4744992 0.477219 0.477219 0.4744977 0.4197488 0.4197483 0.4170287 0.41975 
0.6793573 0.6766377 0.6793578 0.6793581 0.676637 0.6793569 0.6793569 0.6766356 0.6793562 0.4770449 0.4743253 0.4770466 
0.7331076 0.5293963 0.5321164 0.5321167 0.5293956 0.5321155 0.5321155 0.5293941 0.5321147 0.5321143 0.5293946 0.5321159 
0.5212774 0.5185578 0.5212779 0.5396461 0.5369251 0.539645 0.539645 0.5369236 0.5396442 0.5396438 0.5369241 0.5396454 
0.4119101 0.4091904 0.4119106 0.4119108 0.4091897 0.4119096 0.4119096 0.4091883 0.4119089 0.4119084 0.4091888 0.4119101 
0.4556617 0.637513 0.6402332 0.6402334 0.6375123 0.6402322 0.6402322 0.6375109 0.6402315 0.640231 0.6375114 0.6402327 
