1
0.1
61
3.061616997868383e-17 0.4999999999999999 0.8660254037844386 1.0 0.8660254037844388 0.5000000000000003 3.061616997868383e-17 -5.551115123125783e-17 0.0 0.0 0.0 0.0
3.061616997868383e-17 0.4999999999999999 0.8660254037844386 1.0 0.8660254037844388 0.5000000000000003 3.061616997868383e-17 -5.551115123125783e-17 0.0 0.0 0.0 0.0
3.061616997868383e-17 0.4999999999999999 0.8660254037844386 1.0 0.8660254037844388 0.5000000000000003 3.061616997868383e-17 -5.551115123125783e-17 0.0 0.0 0.0 0.0
3.061616997868383e-17 0.4999999999999999 0.8660254037844386 1.0 0.8660254037844388 0.5000000000000003 3.061616997868383e-17 -5.551115123125783e-17 0.0 0.0 0.0 0.0
3.061616997868383e-17 0.4999999999999999 0.8660254037844386 1.0 0.8660254037844388 0.5000000000000003 3.061616997868383e-17 -5.551115123125783e-17 0.0 0.0 0.0 0.0
3.061616997868383e-17 0.4999999999999999 0.8660254037844386 1.0 0.8660254037844388 0.5000000000000003 3.061616997868383e-17 -5.551115123125783e-17 0.0 0.0 0.0 0.0
3.061616997868383e-17 0.4999999999999999 0.8660254037844386 1.0 0.8660254037844388 0.5000000000000003 3.061616997868383e-17 -5.551115123125783e-17 0.0 0.0 0.0 0.0
3.061616997868383e-17 0.4999999999999999 0.8660254037844386 1.0 0.8660254037844388 0.5000000000000003 3.061616997868383e-17 -5.551115123125783e-17 0.0 0.0 0.0 0.0
3.061616997868383e-17 0.4999999999999999 0.8660254037844386 1.0 0.8660254037844388 0.5000000000000003 3.061616997868383e-17 -5.551115123125783e-17 0.0 0.0 0.0 0.0
3.061616997868383e-17 0.4999999999999999 0.8660254037844386 1.0 0.8660254037844388 0.5000000000000003 3.061616997868383e-17 -5.551115123125783e-17 0.0 0.0 0.0 0.0
3.061616997868383e-17 0.4999999999999999 0.8660254037844386 1.0 0.8660254037844388 0.5000000000000003 3.061616997868383e-17 -5.551115123125783e-17 0.0 0.0 0.0 0.0
3.061616997868383e-17 0.4999999999999999 0.8660254037844386 1.0 0.8660254037844388 0.5000000000000003 3.061616997868383e-17 -5.551115123125783e-17 0.0 0.0 0.0 0.0
3.061616997868383e-17 0.4999999999999999 0.8660254037844386 1.0 0.8660254037844388 0.5000000000000003 3.061616997868383e-17 -5.551115123125783e-17 0.0 0.0 0.0 0.0
3.061616997868383e-17 0.4999999999999999 0.8660254037844386 1.0 0.8660254037844388 0.5000000000000003 3.061616997868383e-17 -5.551115123125783e-17 0.0 0.0 0.0 0.0
3.061616997868383e-17 0.4999999999999999 0.8660254037844386 1.0 0.8660254037844388 0.5000000000000003 3.061616997868383e-17 -5.551115123125783e-17 0.0 0.0 0.0 0.0
3.061616997868383e-17 0.4999999999999999 0.8660254037844386 1.0 0.8660254037844388 0.5000000000000003 3.061616997868383e-17 -5.551115123125783e-17 0.0 0.0 0.0 0.0
3.061616997868383e-17 0.4999999999999999 0.8660254037844386 1.0 0.8660254037844388 0.5000000000000003 3.061616997868383e-17 -5.551115123125783e-17 0.0 0.0 0.0 0.0
3.061616997868383e-17 0.4999999999999999 0.8660254037844386 1.0 0.8660254037844388 0.5000000000000003 3.061616997868383e-17 -5.551115123125783e-17 0.0 0.0 0.0 0.0
3.061616997868383e-17 0.4999999999999999 0.8660254037844386 1.0 0.8660254037844388 0.5000000000000003 3.061616997868383e-17 -5.551115123125783e-17 0.0 0.0 0.0 0.0
3.061616997868383e-17 0.4999999999999999 0.8660254037844386 1.0 0.8660254037844388 0.5000000000000003 3.061616997868383e-17 -5.551115123125783e-17 0.0 0.0 0.0 0.0
3.061616997868383e-17 0.4999999999999999 0.8660254037844386 1.0 0.8660254037844388 0.5000000000000003 3.061616997868383e-17 -5.551115123125783e-17 0.0 0.0 0.0 0.0
3.061616997868383e-17 0.4999999999999999 0.8660254037844386 1.0 0.8660254037844388 0.5000000000000003 3.061616997868383e-17 -5.551115123125783e-17 0.0 0.0 0.0 0.0
3.061616997868383e-17 0.4999999999999999 0.8660254037844386 1.0 0.8660254037844388 0.5000000000000003 3.061616997868383e-17 -5.551115123125783e-17 0.0 0.0 0.0 0.0
3.061616997868383e-17 0.4999999999999999 0.8660254037844386 1.0 0.8660254037844388 0.5000000000000003 3.061616997868383e-17 -5.551115123125783e-17 0.0 0.0 0.0 0.0
3.061616997868383e-17 0.4999999999999999 0.8660254037844386 1.0 0.8660254037844388 0.5000000000000003 3.061616997868383e-17 -5.551115123125783e-17 0.0 0.0 0.0 0.0
3.061616997868383e-17 0.4999999999999999 0.8660254037844386 1.0 0.8660254037844388 0.5000000000000003 3.061616997868383e-17 -5.551115123125783e-17 0.0 0.0 0.0 0.0
3.061616997868383e-17 0.4999999999999999 0.8660254037844386 1.0 0.8660254037844388 0.5000000000000003 3.061616997868383e-17 -5.551115123125783e-17 0.0 0.0 0.0 0.0
3.061616997868383e-17 0.4999999999999999 0.8660254037844386 1.0 0.8660254037844388 0.5000000000000003 3.061616997868383e-17 -5.551115123125783e-17 0.0 0.0 0.0 0.0
3.061616997868383e-17 0.4999999999999999 0.8660254037844386 1.0 0.8660254037844388 0.5000000000000003 3.061616997868383e-17 -5.551115123125783e-17 0.0 0.0 0.0 0.0
3.061616997868383e-17 0.4999999999999999 0.8660254037844386 1.0 0.8660254037844388 0.5000000000000003 3.061616997868383e-17 -5.551115123125783e-17 0.0 0.0 0.0 0.0
3.061616997868383e-17 0.4999999999999999 0.8660254037844386 1.0 0.8660254037844388 0.5000000000000003 3.061616997868383e-17 -5.551115123125783e-17 0.0 0.0 0.0 0.0
3.061616997868383e-17 0.4999999999999999 0.8660254037844386 1.0 0.8660254037844388 0.5000000000000003 3.061616997868383e-17 -5.551115123125783e-17 0.0 0.0 0.0 0.0
3.061616997868383e-17 0.4999999999999999 0.8660254037844386 1.0 0.8660254037844388 0.5000000000000003 3.061616997868383e-17 -5.551115123125783e-17 0.0 0.0 0.0 0.0
3.061616997868383e-17 0.4999999999999999 0.8660254037844386 1.0 0.8660254037844388 0.5000000000000003 3.061616997868383e-17 -5.551115123125783e-17 0.0 0.0 0.0 0.0
3.061616997868383e-17 0.4999999999999999 0.8660254037844386 1.0 0.8660254037844388 0.5000000000000003 3.061616997868383e-17 -5.551115123125783e-17 0.0 0.0 0.0 0.0
3.061616997868383e-17 0.4999999999999999 0.8660254037844386 1.0 0.8660254037844388 0.5000000000000003 3.061616997868383e-17 -5.551115123125783e-17 0.0 0.0 0.0 0.0
3.061616997868383e-17 0.4999999999999999 0.8660254037844386 1.0 0.8660254037844388 0.5000000000000003 3.061616997868383e-17 -5.551115123125783e-17 0.0 0.0 0.0 0.0
3.061616997868383e-17 0.4999999999999999 0.8660254037844386 1.0 0.8660254037844388 0.5000000000000003 3.061616997868383e-17 -5.551115123125783e-17 0.0 0.0 0.0 0.0
3.061616997868383e-17 0.4999999999999999 0.8660254037844386 1.0 0.8660254037844388 0.5000000000000003 3.061616997868383e-17 -5.551115123125783e-17 0.0 0.0 0.0 0.0
3.061616997868383e-17 0.4999999999999999 0.8660254037844386 1.0 0.8660254037844388 0.5000000000000003 3.061616997868383e-17 -5.551115123125783e-17 0.0 0.0 0.0 0.0
3.061616997868383e-17 0.4999999999999999 0.8660254037844386 1.0 0.8660254037844388 0.5000000000000003 3.061616997868383e-17 -5.551115123125783e-17 0.0 0.0 0.0 0.0
3.061616997868383e-17 0.4999999999999999 0.8660254037844386 1.0 0.8660254037844388 0.5000000000000003 3.061616997868383e-17 -5.551115123125783e-17 0.0 0.0 0.0 0.0
3.061616997868383e-17 0.4999999999999999 0.8660254037844386 1.0 0.8660254037844388 0.5000000000000003 3.061616997868383e-17 -5.551115123125783e-17 0.0 0.0 0.0 0.0
3.061616997868383e-17 0.4999999999999999 0.8660254037844386 1.0 0.8660254037844388 0.5000000000000003 3.061616997868383e-17 -5.551115123125783e-17 0.0 0.0 0.0 0.0
3.061616997868383e-17 0.4999999999999999 0.8660254037844386 1.0 0.8660254037844388 0.5000000000000003 3.061616997868383e-17 -5.551115123125783e-17 0.0 0.0 0.0 0.0
3.061616997868383e-17 0.4999999999999999 0.8660254037844386 1.0 0.8660254037844388 0.5000000000000003 3.061616997868383e-17 -5.551115123125783e-17 0.0 0.0 0.0 0.0
3.061616997868383e-17 0.4999999999999999 0.8660254037844386 1.0 0.8660254037844388 0.5000000000000003 3.061616997868383e-17 -5.551115123125783e-17 0.0 0.0 0.0 0.0
3.061616997868383e-17 0.4999999999999999 0.8660254037844386 1.0 0.8660254037844388 0.5000000000000003 3.061616997868383e-17 -5.551115123125783e-17 0.0 0.0 0.0 0.0
3.061616997868383e-17 0.4999999999999999 0.8660254037844386 1.0 0.8660254037844388 0.5000000000000003 3.061616997868383e-17 -5.551115123125783e-17 0.0 0.0 0.0 0.0
3.061616997868383e-17 0.4999999999999999 0.8660254037844386 1.0 0.8660254037844388 0.5000000000000003 3.061616997868383e-17 -5.551115123125783e-17 0.0 0.0 0.0 0.0
3.061616997868383e-17 0.4999999999999999 0.8660254037844386 1.0 0.8660254037844388 0.5000000000000003 3.061616997868383e-17 -5.551115123125783e-17 0.0 0.0 0.0 0.0
3.061616997868383e-17 0.4999999999999999 0.8660254037844386 1.0 0.8660254037844388 0.5000000000000003 3.061616997868383e-17 -5.551115123125783e-17 0.0 0.0 0.0 0.0
3.061616997868383e-17 0.4999999999999999 0.8660254037844386 1.0 0.8660254037844388 0.5000000000000003 3.061616997868383e-17 -5.551115123125783e-17 0.0 0.0 0.0 0.0
3.061616997868383e-17 0.4999999999999999 0.8660254037844386 1.0 0.8660254037844388 0.5000000000000003 3.061616997868383e-17 -5.551115123125783e-17 0.0 0.0 0.0 0.0
3.061616997868383e-17 0.4999999999999999 0.8660254037844386 1.0 0.8660254037844388 0.5000000000000003 3.061616997868383e-17 -5.551115123125783e-17 0.0 0.0 0.0 0.0
3.061616997868383e-17 0.4999999999999999 0.8660254037844386 1.0 0.8660254037844388 0.5000000000000003 3.061616997868383e-17 -5.551115123125783e-17 0.0 0.0 0.0 0.0
3.061616997868383e-17 0.4999999999999999 0.8660254037844386 1.0 0.8660254037844388 0.5000000000000003 3.061616997868383e-17 -5.551115123125783e-17 0.0 0.0 0.0 0.0
3.061616997868383e-17 0.4999999999999999 0.8660254037844386 1.0 0.8660254037844388 0.5000000000000003 3.061616997868383e-17 -5.551115123125783e-17 0.0 0.0 0.0 0.0
3.061616997868383e-17 0.4999999999999999 0.8660254037844386 1.0 0.8660254037844388 0.5000000000000003 3.061616997868383e-17 -5.551115123125783e-17 0.0 0.0 0.0 0.0
3.061616997868383e-17 0.4999999999999999 0.8660254037844386 1.0 0.8660254037844388 0.5000000000000003 3.061616997868383e-17 -5.551115123125783e-17 0.0 0.0 0.0 0.0
3.061616997868383e-17 0.4999999999999999 0.8660254037844386 1.0 0.8660254037844388 0.5000000000000003 3.061616997868383e-17 -5.551115123125783e-17 0.0 0.0 0.0 0.0
