1
0.1
52
0.4965649 0.4938452 0.4965653 0.4965656 0.4938445 0.4965644 0.4965644 0.4938431 0.4965637 0.4965632 0.4938436 0.4965649 
0.4965649 0.4938452 0.4965653 0.4965656 0.4938445 0.4965644 0.4965644 0.4938431 0.4965637 0.4965632 0.4938436 0.4965649 
0.4965649 0.4938452 0.4965653 0.4965656 0.4938445 0.4965644 0.4965644 0.4938431 0.4965637 0.4965632 0.4938436 0.4965649 
0.4965649 0.4938452 0.4965653 0.4965656 0.4938445 0.4965644 0.4965644 0.4938431 0.4965637 0.4965632 0.4938436 0.4965649 
0.4965649 0.4938452 0.4965653 0.4965656 0.4938445 0.4965644 0.4965644 0.4938431 0.4965637 0.4965632 0.4938436 0.4965649 
0.4965649 0.4938452 0.4965653 0.4965656 0.4938445 0.4965644 0.4965644 0.4938431 0.4965637 0.4965632 0.4938436 0.4965649 
0.4965649 0.4938452 0.4965653 0.4965656 0.4938445 0.4965644 0.4965644 0.4938431 0.4965637 0.4965632 0.4938436 0.4965649 
0.4965649 0.4938452 0.4965653 0.4965656 0.4938445 0.4965644 0.4965644 0.4938431 0.4965637 0.4965632 0.4938436 0.4965649 
0.4965649 0.4938452 0.4965653 0.4965656 0.4938445 0.4965644 0.4965644 0.4938431 0.4965637 0.4965632 0.4938436 0.4965649 
0.4965649 0.4938452 0.4965653 0.4965656 0.4938445 0.4965644 0.4965644 0.4938431 0.4965637 0.4965632 0.4938436 0.4965649 
0.4965649 0.4938452 0.4965653 0.4965656 0.4938445 0.4965644 0.4965644 0.4938431 0.4965637 0.4965632 0.4938436 0.4965649 
0.4965649 0.4938452 0.4965653 0.4965656 0.4938445 0.4965644 0.4965644 0.4938431 0.4965637 0.4965632 0.4938436 0.4965649 
0.4965649 0.4938452 0.4965653 0.4965656 0.4938445 0.4965644 0.4965644 0.4938431 0.4965637 0.4965632 0.4938436 0.4965649 
0.4965649 0.4938452 0.4965653 0.4965656 0.4938445 0.4965644 0.4965644 0.4938431 0.4965637 0.4965632 0.4938436 0.4965649 
0.4965649 0.4938452 0.4965653 0.4965656 0.4938445 0.4965644 0.4965644 0.4938431 0.4965637 0.4965632 0.4938436 0.4965649 
0.4965649 0.4938452 0.4965653 0.4965656 0.4938445 0.4965644 0.4965644 0.4938431 0.4965637 0.4965632 0.4938436 0.4965649 
0.4965649 0.4938452 0.4965653 0.4965656 0.4938445 0.4965644 0.4965644 0.4938431 0.4965637 0.4965632 0.4938436 0.4965649 
0.4965649 0.4938452 0.4965653 0.4965656 0.4938445 0.4965644 0.4965644 0.4938431 0.4965637 0.4965632 0.4938436 0.4965649 
0.4965649 0.4938452 0.4965653 0.4965656 0.4938445 0.4965644 0.4965644 0.4938431 0.4965637 0.4965632 0.4938436 0.4965649 
0.4965649 0.4938452 0.4965653 0.4965656 0.4938445 0.4965644 0.4965644 0.4938431 0.4965637 0.4965632 0.4938436 0.4965649 
0.4965649 0.4938452 0.4965653 0.4965656 0.4938445 0.4965644 0.4965644 0.4938431 0.4965637 0.4965632 0.4938436 0.4965649 
0.4965649 0.4938452 0.4965653 0.4965656 0.4938445 0.4965644 0.4965644 0.4938431 0.4965637 0.4965632 0.4938436 0.4965649 
0.4965649 0.4938452 0.4965653 0.4965656 0.4938445 0.4965644 0.4965644 0.4938431 0.4965637 0.4965632 0.4938436 0.4965649 
0.4965649 0.4938452 0.4965653 0.4965656 0.4938445 0.4965644 0.4965644 0.4938431 0.4965637 0.4965632 0.4938436 0.4965649 
0.4965649 0.4938452 0.4965653 0.4965656 0.4938445 0.4965644 0.4965644 0.4938431 0.4965637 0.4965632 0.4938436 0.4965649 
0.4965649 0.4938452 0.4965653 0.4965656 0.4938445 0.4965644 0.4965644 0.4938431 0.4965637 0.4965632 0.4938436 0.4965649 
0.4965649 0.4938452 0.4965653 0.4965656 0.4938445 0.4965644 0.4965644 0.4938431 0.4965637 0.4965632 0.4938436 0.4965649 
0.4965649 0.4938452 0.4965653 0.4965656 0.4938445 0.4965644 0.4965644 0.4938431 0.4965637 0.4965632 0.4938436 0.4965649 
0.4965649 0.4938452 0.4965653 0.4965656 0.4938445 0.4965644 0.4965644 0.4938431 0.4965637 0.4965632 0.4938436 0.4965649 
0.4965649 0.4938452 0.4965653 0.4965656 0.4938445 0.4965644 0.4965644 0.4938431 0.4965637 0.4965632 0.4938436 0.4965649 
0.4965649 0.4938452 0.4965653 0.4965656 0.4938445 0.4965644 0.4965644 0.4938431 0.4965637 0.4965632 0.4938436 0.4965649 
0.4965649 0.4938452 0.4965653 0.4965656 0.4938445 0.4965644 0.4965644 0.4938431 0.4965637 0.4965632 0.4938436 0.4965649 
0.4965649 0.4938452 0.4965653 0.4965656 0.4938445 0.4965644 0.4965644 0.4938431 0.4965637 0.4965632 0.4938436 0.4965649 
0.4965649 0.4938452 0.4965653 0.4965656 0.4938445 0.4965644 0.4965644 0.4938431 0.4965637 0.4965632 0.4938436 0.4965649 
0.4965649 0.4938452 0.4965653 0.4965656 0.4938445 0.4965644 0.4965644 0.4938431 0.4965637 0.4965632 0.4938436 0.4965649 
0.4965649 0.4938452 0.4965653 0.4965656 0.4938445 0.4965644 0.4965644 0.4938431 0.4965637 0.4965632 0.4938436 0.4965649 
0.4965649 0.4938452 0.4965653 0.4965656 0.4938445 0.4965644 0.4965644 0.4938431 0.4965637 0.4965632 0.4938436 0.4965649 
0.4965649 0.4938452 0.4965653 0.4965656 0.4938445 0.4965644 0.4965644 0.4938431 0.4965637 0.4965632 0.4938436 0.4965649 
0.4965649 0.4938452 0.4965653 0.4965656 0.4938445 0.4965644 0.4965644 0.4938431 0.4965637 0.4965632 0.4938436 0.4965649 
0.4965649 0.4938452 0.4965653 0.4965656 0.4938445 0.4965644 0.4965644 0.4938431 0.4965637 0.4965632 0.4938436 0.4965649 
0.4965649 0.4938452 0.4965653 0.4965656 0.4938445 0.4965644 0.4965644 0.4938431 0.4965637 0.4965632 0.4938436 0.4965649 
0.4965649 0.4938452 0.4965653 0.4965656 0.4938445 0.4965644 0.4965644 0.4938431 0.4965637 0.4965632 0.4938436 0.4965649 
0.4965649 0.4938452 0.4965653 0.4965656 0.4938445 0.4965644 0.4965644 0.4938431 0.4965637 0.4965632 0.4938436 0.4965649 
0.4965649 0.4938452 0.4965653 0.4965656 0.4938445 0.4965644 0.4965644 0.4938431 0.4965637 0.4965632 0.4938436 0.4965649 
0.4965649 0.4938452 0.4965653 0.4965656 0.4938445 0.4965644 0.4965644 0.4938431 0.4965637 0.4965632 0.4938436 0.4965649 
0.4965649 0.4938452 0.4965653 0.4965656 0.4938445 0.4965644 0.4965644 0.4938431 0.4965637 0.4965632 0.4938436 0.4965649 
0.4965649 0.4938452 0.4965653 0.4965656 0.4938445 0.4965644 0.4965644 0.4938431 0.4965637 0.4965632 0.4938436 0.4965649 
0.4965649 0.4938452 0.4965653 0.4965656 0.4938445 0.4965644 0.4965644 0.4938431 0.4965637 0.4965632 0.4938436 0.4965649 
0.4965649 0.4938452 0.4965653 0.4965656 0.4938445 0.4965644 0.4965644 0.4938431 0.4965637 0.4965632 0.4938436 0.4965649 
0.4965649 0.4938452 0.4965653 0.4965656 0.4938445 0.4965644 0.4965644 0.4938431 0.4965637 0.4965632 0.4938436 0.4965649 
0.4965649 0.4938452 0.4965653 0.4965656 0.4938445 0.4965644 0.4965644 0.4938431 0.4965637 0.4965632 0.4938436 0.4965649 
0.4965649 0.4938452 0.4965653 0.4965656 0.4938445 0.4965644 0.4965644 0.4938431 0.4965637 0.4965632 0.4938436 0.4965649 
